% 2018-01-25
% by Poofee
% 验证一下多传输线的反射问题
I0 = 10;
R1 = 10;
R2 = 10;
R3 = 10;
R4 = 10;
R5 = 10;
R6 = 10;
R7 = 10;

Y = [
    1/R1+1/R2,  -1/R2,                       0,                              0;
    -1/R2,           1/R2+1/R3+1/R4,    -1/R3,                      -1/R4;
    0,                  -1/R3,                        1/R3+1/R6+1/R5,  -1/R6;
    0,                  -1/R4,                        -1/R6,                      1/R4+1/R6+1/R7];
I = [I0;0;0;0];
V = Y\I;
