a = [
    0
0.505239
1
0.574261
2
0.147492
3
0.104466
4
0.0979817
5
0.0942548
6
0.0690711
7
0.0647774
8
0.0549883
9
0.0536841
10
0.0523303
11
0.0392199
12
0.0323505
13
0.0286457
14
0.0246398
15
0.02165
16
0.0169556
17
0.0125383
18
0.0116166
19
0.0115555
20
0.0110777
21
0.011972
22
0.0132035
23
0.0133342
24
0.012535
25
0.0117585
26
0.00982987
27
0.00891703
28
0.0105585
29
0.00965742
30
0.0132817
31
0.0101391
32
0.0107761
33
0.00708626
34
0.00760761
35
0.00991204
36
0.00583468
37
0.00712577
38
0.00506036
39
0.00561298
40
0.00459989
41
0.00497917
42
0.00446017
43
0.00448022
44
0.00414513
45
0.00442898
46
0.00400102
47
0.00449846
48
0.0037607
49
0.00425654
50
0.003915
51
0.00401628
52
0.00385879
53
0.00382656
54
0.00374289
55
0.00384593
56
0.00402123
57
0.00404209
58
0.00394664
59
0.00394067
60
0.00410469
61
0.00357188
62
0.00375323
63
0.00358675
64
0.00334454
65
0.00341907
66
0.00349054
67
0.00352565
68
0.00361056
69
0.00362726
70
0.00342558
71
0.00340766
72
0.00328381
73
0.00330285
74
0.00357557
75
0.00320371
76
0.00337482
77
0.00321323
78
0.00330547
79
0.00377713
80
0.0033328
81
0.00332784
82
0.00339288
83
0.00330805
84
0.00315364
85
0.003049
86
0.00325202
87
0.00297533
88
0.00301814
89
0.00318686
90
0.00328653
91
0.00303079
92
0.00322163
93
0.00350138
94
0.00316675
95
0.00292532
96
0.00289766
97
0.0032431
98
0.00312573
99
0.00284416
100
0.0028511
101
0.00318547
102
0.00309919
103
0.00284288
104
0.00259765
105
0.00286023
106
0.00294614
107
0.00310939
108
0.00292973
109
0.00321244
110
0.0031377
111
0.00288687
112
0.00271826
113
0.0028497
114
0.00288248
115
0.00298966
116
0.00293735
117
0.00287836
118
0.00304421
119
0.00337126
120
0.00277692
121
0.00281843
122
0.00275408
123
0.00290747
124
0.00321787
125
0.0029828
126
0.0031658
127
0.0030005
128
0.0029463
129
0.00301465
130
0.0026826
131
0.00268532
132
0.0028801
133
0.00305548
134
0.00309406
135
0.0032461
136
0.00323324
137
0.00284149
138
0.00287452
139
0.00264468
140
0.00281177
141
0.00292477
142
0.00295939
143
0.00329531
144
0.00281684
145
0.00289729
146
0.00299504
147
0.00320822
148
0.00305346
149
0.00268288
150
0.00235003
151
0.00282944
152
0.00280576
153
0.00260861
154
0.00269369
155
0.00295931
156
0.00285817
157
0.0027112
158
0.00266577
159
0.00315933
160
0.00305573
161
0.00288359
162
0.0029364
163
0.00300158
164
0.00282426
165
0.00265959
166
0.00306165
167
0.00269623
168
0.0027154
169
0.00252273
170
0.00275588
171
0.00278736
172
0.00265436
173
0.00293652
174
0.00278394
175
0.0027686
176
0.00274896
177
0.00294583
178
0.00280046
179
0.0026417
180
0.0028749
181
0.00285989
182
0.00254489
183
0.00244166
184
0.00256607
185
0.00263339
186
0.00275829
187
0.00262711
188
0.0025403
189
0.00258271
190
0.00268524
191
0.00267118
192
0.00275714
193
0.00280803
194
0.00267589
195
0.00263096
196
0.00270635
197
0.0026282
198
0.00314603
199
0.00263956
200
0.00303043
201
0.0028863
202
0.00266539
203
0.00254487
204
0.00264686
205
0.00247502
206
0.00253379
207
0.00298615
208
0.00301619
209
0.00254724
210
0.00294414
211
0.00277611
212
0.00277259
213
0.00296599
214
0.00245847
215
0.00249838
216
0.00238256
217
0.00278387
218
0.00264346
219
0.00221839
220
0.00235366
221
0.00250485
222
0.00243041
223
0.00274695
224
0.00292021
225
0.00327183
226
0.00284743
227
0.00300554
228
0.00251806
229
0.00252103
230
0.00271894
231
0.00274074
232
0.00257432
233
0.00282663
234
0.00277627
235
0.00240889
236
0.0024193
237
0.00243083
238
0.00260521
239
0.00242482
240
0.0030995
241
0.00304211
242
0.00256381
243
0.00278087
244
0.00260717
245
0.00259896
246
0.00300211
247
0.00263679
248
0.0027142
249
0.00270457
250
0.00299133
251
0.00282144
252
0.00285224
253
0.00272304
254
0.00276303
255
0.00274729
256
0.00252106
257
0.00271886
258
0.00242386
259
0.00270745
260
0.00281177
261
0.00283193
262
0.00259346
263
0.00270855
264
0.00264523
265
0.00247788
266
0.00252774
267
0.00268156
268
0.00250382
269
0.00266674
270
0.00282335
271
0.00243958
272
0.00256642
273
0.00320856
274
0.00270352
275
0.00249189
276
0.00250112
277
0.00245777
278
0.00236865
279
0.00244087
280
0.00253816
281
0.002094
282
0.00263056
283
0.00253921
284
0.00251832
285
0.00265933
286
0.00292321
287
0.00281387
288
0.00252636
289
0.00267302
290
0.00260919
291
0.00276494
292
0.00291387
293
0.00290908
294
0.00272118
295
0.00241435
296
0.00255416
297
0.0025113
298
0.00300928
299
0.00279787
300
0.00269199
301
0.00251452
302
0.00287241
303
0.0026058
304
0.00278857
305
0.00250108
306
0.00254613
307
0.00242023
308
0.00252631
309
0.0024641
310
0.0025419
311
0.0025206
312
0.00264641
313
0.00227243
314
0.00242542
315
0.00253659
316
0.00282609
317
0.00247819
318
0.00271772
319
0.00247238
320
0.00255037
321
0.00275887
322
0.00300972
323
0.00316433
324
0.00245453
325
0.00256112
326
0.00258405
327
0.00230632
328
0.00251941
329
0.0023742
330
0.0024
331
0.00237048
332
0.00261376
333
0.00305581
334
0.0024845
335
0.00266763
336
0.00256675
337
0.00277552
338
0.00275615
339
0.00283038
340
0.00257191
341
0.00238465
342
0.00264974
343
0.00264291
344
0.00268631
345
0.00251166
346
0.00263215
347
0.00278638
348
0.00291399
349
0.00280076
350
0.0028146
351
0.00258636
352
0.00275515
353
0.0024993
354
0.00243279
355
0.00248803
356
0.00269739
357
0.00253472
358
0.00254659
359
0.00250566
360
0.00241272
361
0.00278114
362
0.00242821
363
0.00255272
364
0.00249709
365
0.00290082
366
0.00289167
367
0.00280943
368
0.00255343
369
0.00249174
370
0.00262614
371
0.00317051
372
0.00319772
373
0.00262454
374
0.00261729
375
0.00274547
376
0.00293511
377
0.00265936
378
0.00284892
379
0.0026491
380
0.00285095
381
0.00263517
382
0.00283202
383
0.00271306
384
0.00269289
385
0.00269824
386
0.00289551
387
0.00263888
388
0.00277605
389
0.00285716
390
0.0022576
391
0.00249449
392
0.00250076
393
0.00266056
394
0.00223867
395
0.00220575
396
0.00255856
397
0.00241113
398
0.00257348
399
0.00217168
400
0.00248686
401
0.00250435
402
0.002285
403
0.00239933
404
0.00254096
405
0.00273283
406
0.00254682
407
0.00243389
408
0.002621
409
0.00244003
410
0.00254745
411
0.00263638
412
0.00253375
413
0.00241672
414
0.00267251
415
0.00250024
416
0.00243171
417
0.00258411
418
0.00283743
419
0.00255497
420
0.00241864
421
0.00246915
422
0.00261906
423
0.0025335
424
0.00237969
425
0.00265598
426
0.00237965
427
0.00231446
428
0.00283231
429
0.00279846
430
0.00266656
431
0.00274429
432
0.00252497
433
0.00239523
434
0.00276024
435
0.00261214
436
0.00245212
437
0.00246254
438
0.00221404
439
0.00244991
440
0.0021986
441
0.00234278
442
0.00241673
443
0.00272492
444
0.00267043
445
0.00267226
446
0.00254302
447
0.00245906
448
0.00287419
449
0.00288803
450
0.00282111
451
0.0026826
452
0.00287314
453
0.00280445
454
0.002602
455
0.00266977
456
0.00260773
457
0.002448
458
0.00286644
459
0.00254646
460
0.00279716
461
0.00271061
462
0.00228057
463
0.00239378
464
0.00251867
465
0.00248903
466
0.00248211
467
0.00264516
468
0.00275084
469
0.00264587
470
0.00268834
471
0.00272982
472
0.00253873
473
0.00273327
474
0.00262835
475
0.00261574
476
0.00251958
477
0.00275044
478
0.00247341
479
0.00273791
480
0.00253935
481
0.0026596
482
0.00276118
483
0.00265748
484
0.00264023
485
0.00257282
486
0.0023865
487
0.00244778
488
0.00252536
489
0.00263626
490
0.00281119
491
0.00263681
492
0.00240407
493
0.0027933
494
0.00286942
495
0.00256058
496
0.00255789
497
0.00243626
498
0.00263463
499
0.00298343
500
0.0025223
501
0.00240919
502
0.00257773
503
0.0026924
504
0.00235819
505
0.00278359
506
0.00269103
507
0.00261246
508
0.00248382
509
0.0025115
510
0.00233665
511
0.0024311
512
0.00262905
513
0.002591
514
0.00240628
515
0.00251049
516
0.00261894
517
0.00260849
518
0.00270771
519
0.00240481
520
0.00246318
521
0.00246996
522
0.00259733
523
0.00264531
524
0.00264645
525
0.00286921
526
0.00267359
527
0.0028923
528
0.00283441
529
0.00300697
530
0.00300736
531
0.00247531
532
0.00238295
533
0.00266692
534
0.00293921
535
0.00264658
536
0.00254271
537
0.00270762
538
0.00241953
539
0.0027052
540
0.00228598
541
0.0024221
542
0.00264581
543
0.00258024
544
0.00261611
545
0.0030366
546
0.00266922
